18.59 11.88 4 3 5
19.24 3.66 4 5 4
11.94 4.05 5 4 5
19.62 13.27 4 2 2
0.59 2.17 4 4 2
16.34 15.44 4 2 3
3.21 17.82 2 1 4
8.75 13.86 2 5 4
11.16 9.41 1 3 1
5.91 19.33 5 4 3
11.88 12.85 2 3 1
1.6 3.25 5 2 4
8.27 15.34 1 3 4
14.27 8.52 5 3 2
0.52 14.22 4 5 3
19.94 5.19 5 2 4
3.52 3.72 4 3 2
13.17 13.16 4 4 4
18.57 19.43 1 3 5
4.37 3.62 1 3 1
4.65 19.37 1 4 4
18.61 16.99 3 4 4
9.31 10.45 1 4 1
11.0 11.58 4 1 5
10.99 14.54 3 5 4
19.26 15.99 2 1 1
18.41 13.45 5 4 5
15.16 17.44 4 5 3
9.23 19.11 1 4 1
2.24 9.87 5 1 4
